61510.0000  61532.0000  0.32472644  61500.00912188     -26.68475606      36.01401871    9819.97906775  0.32366430  61509.85636163      -0.01106112       0.47764263     625.23680645  0.34180912  61500.01150163     -20.68743579      69.64706807     453.27064764  0.33211265  61505.03343210     -64.27762879      82.69946908      99.73832189  0.31796669  61510.00050508      -0.01292996       0.19322227     457.13995895  0.31743346  61509.52415589      -0.01142045       0.21918184    1801.06926220  
61532.0000  61546.0000  0.32375196  61531.99913330      -0.00395210      12.09192872    7639.09478029  0.32971347  61531.99881783      -0.00993428       0.38325682    9863.80125164  0.33801214  61532.00220624      -0.00304247       0.41139783      21.41949117  0.33207909  61531.99882281      -0.00475890       1.36011596    7372.68348660  0.31826943  61531.99984579      -0.01660549       0.22165683    4630.10059762  0.32109873  61531.99917907      -0.01479397       0.14717840    3779.36077894  
61546.0000  61558.0000  0.32655909  61545.92426632      -0.00583000       0.09953228       6.47928177  0.33220862  61545.99945034      -0.01051362       6.46167496       0.19757875  0.34088275  61545.99458316      -0.03774844       0.71650681    1446.01193448  0.33417790  61545.99824572      -0.01089942       0.29905436    8015.77065952  0.31578924  61545.97231044      -0.02502486       0.21006111       7.71558706  0.31789607  61545.97667724      -0.01826114       0.19618233       6.52815193  
61558.0000  61581.0000  0.32687412  61557.55653427      -0.00604974       0.12042432    8631.35042116  0.32956481  61557.99432980      -0.01168882       0.29812531     224.68707107  0.34204456  61557.99911181      -0.00706040       6.65794478    4273.11736644  0.33664903  61557.99809319      -0.00804455       0.17913158    7332.81972254  0.31894941  61557.93227033      -0.02093154       0.07444359       1.16793323  0.32409289  61558.47287281      -0.01123777       0.05964363       0.89564941  
61581.0000  61610.0000  0.32556441  61580.99895992      -0.00273528      21.85258321    9758.39553507  0.33372165  61578.15010418      -0.13641760       0.78629943      66.83058203  0.34066650  61578.61752096      -6.38591021      29.95852681    9899.95312699  0.33538485  61580.99906229      -0.00350448      22.86384036    6017.52506192  0.31421624  61580.94462061      -0.02102825       0.34620909      16.16437757  0.31999835  61580.99144925      -0.01773542       0.55611581    5439.48824674  
61610.0000  61615.0000  0.31860209  61609.99992415      -0.00370245       0.70466370    9296.30643156  0.32650234  61609.87401480      -0.01423638       0.71876168    9522.78544679  0.33323926  61609.90141477      -0.00479190       0.51324246    1136.07925008  0.32582120  61609.99849072      -0.00564485       1.49740487    7383.09563509  0.30746555  61609.96400228      -0.01524130       0.42823963       6.99574288  0.31009395  61609.99868677      -0.01618516       1.12026648    5927.12065027  
61615.0000  61623.0067  0.31865117  61614.99901464      -0.00069618      11.28841827    9998.85549250  0.32681150  61614.99410635      -0.00844448       0.21530806       7.30748162  0.33310013  61614.99914280      -0.00326580      10.44652888    4426.04289892  0.32747079  61614.99913861      -0.00306842      10.23469732    5615.85373069  0.31032042  61614.99620851      -0.00946914       0.29611750      23.93235800  0.31171365  61614.99916858      -0.00833909       0.83604910    9311.73613593  
61623.0067  61629.0000  0.31962710  61623.00549357      -0.00436555       1.63884188    2420.37371657  0.32851838  61623.00473098      -0.01545444       1.51504312    6974.43461513  0.33522380  61622.99575172      -0.00549160       1.19208271    5742.68037094  0.32956076  61623.00552980      -0.00672874       1.55498140    9991.02345841  0.30848662  61622.98468965      -0.02264616       0.60440236       8.79535223  0.31105913  61622.98596354      -0.01626517       0.71599856       8.81553676  
61629.0000  61633.0000  0.31837494  61628.99908293      -0.00360534       8.87751716    9313.44910174  0.32899698  61628.99873354      -0.01471128       1.67827173    8557.63126397  0.33349442  61628.99721900      -0.00354919       1.40561679    9915.74040736  0.32974773  61628.99615690      -0.00592116       0.68728079    1370.45199789  0.30676229  61628.99915443      -0.02020411       1.07089579    9959.05208468  0.30995677  61628.97901998      -0.01748372       1.52389707    1556.20893097  
61633.0000  61638.0067  0.31917133  61632.99913260      -0.00346666      12.04454358    8572.64707528  0.33269726  61632.99868215      -0.00916280       0.41648019      13.65231783  0.33451924  61632.99955283      -0.00269596       1.26060754    8389.23402489  0.32913451  61632.99908971      -0.00388191      11.73279422    7906.61543674  0.31076106  61632.98905659      -0.01201859       0.48123460      15.42038505  0.31199789  61632.99927246      -0.01204839       0.94446061    7565.58847573  
61638.0067  61640.0000  0.32910884  61637.99762642      -0.01302421       0.57299425    2434.72201577  0.32665036  61638.00558534      -0.01152589       5.56476585    8844.58836270  0.33323644  61638.00573582      -0.00221546      10.05249372    8596.07790075  0.32871301  61638.00571069      -0.00380593       9.04479132    9507.32011647  0.31508742  61637.89973928      -0.02067772       0.73811307       3.82604289  0.30932610  61638.00629524      -0.01809927       2.71893219    6912.14428383  
61640.0000  61655.0000  0.32188079  61639.28932877      -0.00640135       0.26864785    5846.89157560  0.33630896  61639.99833569      -0.01702009       0.55634860    9998.03386594  0.33701259  61639.99856686      -0.00615712       0.35238348     397.65476588  0.33076502  61639.99880222      -0.00504067       0.74919162    9275.62520866  0.31360801  61639.96563746      -0.02528837       0.44951898      21.47690320  0.31578722  61639.96805366      -0.02032466       0.49358381      25.23391107  
61655.0000  61670.0533  0.32091673  61654.99908206      -0.00433284       8.96578200    9547.19651309  0.33430185  61654.99804847      -0.00701149       1.26906802    9190.45081660  0.33669091  61654.99909380      -0.00636589       9.36820791    5276.20636215  0.33369179  61654.99884647      -0.00790919       2.76105230    6646.36271223  0.31186686  61654.99839169      -0.01327628       0.46964114    7734.04173010  0.31385173  61654.99923511      -0.01011816       0.42993402    2427.66809623  
61670.0533  61673.2867  0.31983975  61670.05231913      -0.00251663      10.97612585    9663.88180152  0.33069232  61670.05319733      -0.01420645       4.78863518    7157.71584607  0.33576592  61670.05241885      -0.00275690       3.65059327    3094.21174524  0.33327291  61670.05154309      -0.00289274       2.86946242    6472.16410437  0.30868654  61670.05278291      -0.01492446       5.24112813    2741.86571508  0.31178285  61670.05294144      -0.01540513       5.04761785    3292.16734414  
61673.2867  61678.0000  0.31961923  61673.28586095      -0.00474515      10.33550589    7783.35546778  0.32845759  61673.28602373      -0.01689509       6.42699348    3648.65809018  0.33553626  61673.28628253      -0.00362076       2.03208053    6528.26541217  0.33377560  61673.28567655      -0.00632772       0.78276839    1703.30114678  0.30945091  61673.26465837      -0.02074628       0.86342905      21.23492288  0.31187401  61673.26030460      -0.01656185       0.96245051      16.49361634  
61678.0000  61679.2667  0.31812967  61677.53173214      -0.00208663      18.41599111    6381.31154299  0.32753946  61677.99919798      -0.00458954      10.73158700    5993.68540779  0.33291100  61677.99900783      -0.00028511      12.60516413    9227.54926120  0.32871455  61677.94828605      -0.00198436      12.55632919    4489.69311892  0.30209368  61677.97485319      -0.00814861      13.28607516    9670.59910083  0.30794026  61677.99873021      -0.00385898      98.42467955    1319.93157373  
61679.2667  61679.3733  0.32553428  61679.26617851      -0.01097224       1.58451790    2572.94962624  0.32131860  61679.26620683      -0.01419591      16.82583296    5795.69265613  0.33001521  61679.26578451      -0.00347859      79.35677314    7777.69714820  0.32566025  61679.26585988      -0.00508219      99.99454088    6053.29368276  0.30799532  61679.26237069      -0.02051111       0.09274248      28.24622682  0.30989188  61679.26216010      -0.01895255       2.66803751      62.10715485  
61679.3733  61679.8800  0.31656393  61679.37306177      -0.00179998       7.96893673     194.94003091  0.32752296  61679.37802432      -0.00873401       3.20162734      28.62293123  0.33156980  61679.37336147      -0.00279849      10.04325912    4414.94786911  0.32702504  61679.37250823      -0.00418417       9.73743915    7890.55205879  0.30414550  61679.37379914      -0.02001656       1.54427266      17.68668071  0.31445640  61679.38627357      -0.01698677       0.53366743      14.90579211  
61679.8800  61683.0000  0.31759286  61679.87918908      -0.00430546       6.15601091    7322.06023073  0.35857643  61679.87786571      -0.04240632       0.30128848    8294.82188885  0.33288376  61679.87895466      -0.00459993      19.54852188    5832.03570143  0.34126771  61679.87808436      -0.02271354       0.39419038    3997.48503649  0.34272446  61674.42529152      -0.17308951       0.28921694       0.30830723  0.33962947  61679.87077893      -0.05329316       0.31474570    1525.47249442  
61683.0000  61695.0000  0.32069740  61682.99900614      -0.00179909       9.20432086    9229.15573158  0.33487725  61682.97685380      -0.00416036       1.41143704    8447.69345805  0.33745153  61682.99747866      -0.00502878       0.36590917    6064.43280354  0.33388286  61682.99788269      -0.00663300       0.33054624     761.81143172  0.31415293  61682.93933322      -0.01431468       0.26193530       4.35524972  0.31513088  61682.99928560      -0.01378866       0.66433267    8480.63421238  
61695.0000  61704.0000  0.32103832  61692.75560117      -0.00124900      17.07956556    8403.28296211  0.32993500  61694.99968850      -0.00765959       0.65003161    3353.34393575  0.33710196  61694.99900400      -0.00137789      12.83370615    7251.27024137  0.33330728  61694.99890312      -0.00232998       3.97647192    6763.95628555  0.31270695  61694.99927890      -0.01075425       0.94135425    9479.29595242  0.31473593  61694.99894463      -0.00631108       0.42210994       7.50349651  
61704.0000  61712.0000  0.31962649  61703.99904728      -0.00175132       9.84792152    9324.09977945  0.32491325  61703.99910807      -0.00861196       3.66895408    9030.17007674  0.33546257  61703.99936974      -0.00127523       3.70666425    7156.38652455  0.33144191  61703.99907319      -0.00225993      10.88634206    7432.60560083  0.30949749  61703.99881153      -0.00941890       1.00626871    6051.71364813  0.30875216  61703.99898709      -0.00863733       3.46007847    7419.39794050  
61712.0000  61712.5267  0.31756154  61711.99909606      -0.00318277       4.14721619     929.39106390  0.32439117  61711.99930354      -0.01297227       4.97338096    8921.37371708  0.33186176  61711.99908211      -0.00305742       9.77939367    8812.93692791  0.32752207  61711.99913780      -0.00382123       5.02088912    9082.10520555  0.31006719  61711.94710203      -0.01858553       0.88003153       6.70812304  0.30508253  61711.99555063      -0.01808561       4.65378594     401.77932652  
61712.5267  61714.0000  0.31746723  61712.52586172      -0.00362552       8.49769991    8229.88817380  0.32862744  61712.52654862      -0.01356339       2.67674439    8740.44590178  0.33313304  61712.52456480      -0.00488722       4.44967113    1590.86024247  0.32964188  61712.51815788      -0.00575781       1.72723136     137.98142678  0.30778289  61712.50965700      -0.01959952       1.53072979      28.14704372  0.31479409  61712.50955238      -0.01885577       0.95735655      20.50577799  
61714.0000  61718.3067  0.32077441  61713.90921288      -0.00606151       0.20564782       7.44272285  0.32878524  61713.99946970      -0.01948754       1.85587910    7462.03245881  0.33407863  61713.99833653      -0.00626283       0.42339980     499.37523121  0.32924046  61713.99841417      -0.00732950       0.69721184     458.47150095  0.33354688  61713.89501058      -0.03623664       0.08170519       5.04076144  0.31388589  61714.04949717      -0.01295244       0.28305297       5.42929797  
61718.3067  61725.0000  0.31951600  61718.30483081      -0.00365774       0.66599248    4904.10407503  0.33245998  61718.30612768      -0.01074135       9.79446451       0.98401244  0.33527073  61718.30428368      -0.00430924       0.42241480    9960.57741990  0.33065064  61718.30505955      -0.00681788       1.43198511    7926.07849509  0.31160498  61718.31746272      -0.01378584       0.82419424      11.70152037  0.31284482  61718.31420911      -0.01393828       1.02712202      14.65697317  
61725.0000  61731.0000  0.31919261  61724.99914658      -0.00269793       2.29732246    8575.06338592  0.32755031  61724.99832660      -0.01423104       2.25759665    9843.49619225  0.33447322  61724.99925733      -0.00430889       8.60697759    1427.46566701  0.33139368  61724.99858288      -0.00460282       1.08928456    3544.96535753  0.30878563  61725.06137096      -0.01126500       0.79768246       7.05341714  0.31053873  61724.98629801      -0.01438286       1.27054000      11.23114391  
61731.0000  61763.0000  0.32041354  61730.92456001      -0.00309212       0.23408351      10.51918292  0.33042026  61730.99881985      -0.00863799       3.13765215    1980.87917565  0.33811974  61730.99801680      -0.00720298       0.50281743    9797.51993754  0.33271560  61730.98586022      -0.00523878       0.23718582     903.37475275  0.31800661  61730.99952144      -0.01567391       0.18178879    9833.99789976  0.31524021  61731.25711648      -0.00474890       0.18906132       2.84005127  
61763.0000  61791.0000  0.32210914  61762.99441657      -0.00398830       0.08163129     178.81907626  0.32590261  61762.99887246      -0.01294099       0.94973657    9946.72937028  0.34010891  61762.99937894      -0.00489494       0.11086421    1853.82816221  0.33496351  61762.99796960      -0.00523694       0.07737460    6013.68441786  0.32030062  61762.99942280      -0.01320970       0.20442049    7431.31034912  0.31498967  61762.93606213      -0.01224162       0.32444561     980.82295490  
61791.0000  61792.0000  0.31590255  61790.99827299      -0.00002610      24.94093332     550.61199172  0.32394050  61790.86945042      -0.00000465      29.82264862    1237.32355093  0.33152497  61790.99813163      -0.00171863      79.03421130    1103.25801585  0.32418291  61790.99821945      -0.00112386      53.01743841    1065.62020969  0.31338658  61790.99961233      -0.01281773       2.47994387    7532.20991308  0.31344423  61790.99885623      -0.00982037       1.23210797    2545.67989148  
61792.0000  61797.0000  0.31596260  61791.99916907      -0.00354492      16.98800769    7730.81063067  0.32270979  61791.99862584      -0.01083001       8.07056672     603.69746231  0.33255513  61791.99916029      -0.00337372       8.54686960    4452.10815456  0.32563938  61791.99920299      -0.00487663       9.13594337    4711.11070785  0.30673663  61791.98810313      -0.02285612       1.00479104      73.43383880  0.30496860  61791.99416798      -0.01497637       1.19336114      52.12136124  
61797.0000  61802.0000  0.31384770  61796.99918229      -0.00540850      16.28011562    6335.19054583  0.31975531  61796.99769187      -0.01787363       1.43330818    9961.06392494  0.33063544  61796.99914387      -0.00380336       7.46678438    4522.49170673  0.32185115  61796.99924281      -0.00595947       8.03697879    4346.85372531  0.31098819  61797.08009418      -0.01992618       0.22141491       0.86738395  0.30907017  61796.94567953      -0.02772661       0.40245491      35.30285448  
61802.0000  61813.1800  0.31669212  61801.99852044      -0.00227460       0.98214154    9972.83247004  0.32371893  61801.99931688      -0.01099474       0.99041111    1565.99383518  0.33544472  61801.99843941      -0.00568163       0.47347831    5651.51214407  0.32871731  61801.99883552      -0.00685548       0.35434370    7413.57540638  0.31044511  61802.00267076      -0.01426685       0.31073429       5.34896198  0.30929773  61802.04954833      -0.00974096       0.29538932       4.65572885  
61813.1800  61826.0000  0.31863168  61813.17919170      -0.00323719       9.51182426    5359.23998283  0.32363053  61813.21625446      -0.00444837       0.68733042      11.46852035  0.33628975  61813.17906582      -0.00267900       9.88873272    4898.73186307  0.32961370  61813.17909506      -0.00342334       9.66274365    5240.91293653  0.31312714  61813.18699734      -0.00724518       0.35186321      11.37726607  0.30982416  61813.17884909      -0.01066880       2.07532245    9970.54005398  
61826.0000  61848.0000  0.31840493  61825.99854809      -0.00328484       0.33492984    6833.95687643  0.32430178  61825.99924856      -0.01872276       3.32451321    8213.39657970  0.33607457  61825.99891875      -0.00370530       0.31313965    8752.19935165  0.33119544  61825.99877186      -0.00623767       0.16289556    9978.54160532  0.31534318  61826.08112340      -0.01491913       3.88203811       0.10820154  0.31196651  61826.03232775      -0.01382617       0.17457792       9.30463593  
61848.0000  61854.0000  0.31415521  61847.99893403      -0.00084457      74.54973455    5512.56862624  0.32129565  61847.99891585      -0.00001377      64.34293281    9389.22213506  0.33165468  61847.99879375      -0.00082670       5.27788249    8542.18359151  0.32460658  61847.99888815      -0.00000100      23.54775330    8743.82744902  0.30244016  61847.99891277      -0.00553080      35.72979131    9927.35376653  0.30318191  61847.99893956      -0.00154330      99.73652625    9993.18384431  
61854.0000  61856.0000  0.31479085  61853.99902916      -0.00305609      14.05286949    3060.25114139  0.32409849  61853.99944421      -0.01129757      11.30870197    3448.12269516  0.33029121  61853.99867401      -0.00129637      22.22610374    4428.79601911  0.32451286  61853.99892229      -0.00226089      17.41729090    7618.72713068  0.30380782  61853.99974420      -0.01050855      11.16719236    3817.58387286  0.30519835  61853.99800798      -0.01426771      14.78866954     710.56679049  
61856.0000  61866.0000  0.31899692  61855.99870894      -0.00812294       0.56941509    6590.13783499  0.33046731  61855.65388888      -0.02747047      14.87418156       1.26741508  0.33571177  61855.99920303      -0.00924405       7.48673346    3019.03976025  0.33187682  61855.99858820      -0.01303639       0.52080490    2562.61322584  0.31786355  61855.98600661      -0.03709544       0.74694825     169.45497561  0.31408525  61855.99454923      -0.02619893       0.92854682     286.07955312  
61866.0000  61876.0000  0.31881741  61865.99897537      -0.00245833      18.56308919    4462.25344698  0.32815032  61865.93355841      -0.00835615       0.23332697    9449.56436738  0.33721862  61865.99906796      -0.00297345      25.72278866    5152.74546874  0.33106243  61865.99894454      -0.00264919      25.89310391    9748.37048280  0.31606244  61865.99804758      -0.00569176       1.16601953    9420.93144767  0.31654782  61865.99875905      -0.00985790       0.18772947    8931.94737020  
61876.0000  61904.0000  0.31986023  61875.99845975      -0.00387514       0.15938206    2191.77716557  0.32843694  61875.99883780      -0.01217151       0.88686985    9998.52407767  0.33775129  61875.99845747      -0.00537389       0.40515132    6838.51406415  0.33095892  61875.99881115      -0.00537858       0.43789393    7679.69663977  0.32154020  61875.99971849      -0.01434030       0.34592135    2916.34185847  0.31669053  61875.96623251      -0.01243741       0.59286692     502.14116796  
61904.0000  61925.0000  0.31904262  61903.99857966      -0.00000100      30.08038044       0.51881576  0.32473187  61903.99487379      -0.00906339       0.41400855    4921.19287039  0.33763499  61903.99885475      -0.00000113      37.06548271    6765.10872069  0.33158986  61903.98167838      -0.00016416      34.55829144    9867.96895755  0.32137901  61903.99748802      -0.00811487       0.31292600     735.31124553  0.31481133  61903.99883624      -0.00709744       0.35868938    1444.10315936  
61925.0000  61931.0000  0.31558080  61924.99165710      -0.00206019      15.86987458    7102.59482550  0.31996186  61924.99916569      -0.00284686      10.84223126    7128.71355106  0.33347882  61924.99914198      -0.00185839       8.34831527    5322.65759561  0.32560071  61924.99920976      -0.00166801       7.49264247    7307.58934177  0.30918625  61924.99903173      -0.00732734      19.88733149    5973.26444301  0.30634628  61924.99905072      -0.00450732      11.28658903    8352.57912644
